Grafico sin repeticion: 65346
10
0.3
13143
13243
13268
13243
13768
13169
13268
13268
13268
13268
13268
13268
13268
13268
13268
13268
13268
13268
13268
13224
13224
13224
13169
13169
13868
13868
13868
13868
13868
13868
13868
13868
13868
13868
13868
13868
13868
13868
13868
13868
13868
13100
13192
13100
13100
13100
13100
13100
13100
13100
13169
13170
13170
13170
13243
13169
13169
13169
13268
13268
13268
13268
13268
15543
15543
15543
15543
15543
15543
15543
15543
15543
15543
15543
15543
15543
15543
15543
15543
15543
15543
15543
15543
15543
15543
15543
15543
15543
15543
15543
15543
15543
15543
15543
15543
15543
15543
15543
15543
15543
15543
15543
15543
15543
15543
15543
15543
15543
15543
15543
15543
15543
15543
15543
15543
15543
15543
15543
15543
15543
15543
13169
13169
13169
13169
13170
13170
13170
13902
13902
13902
13902
13902
13902
13902
13902
13902
13902
13902
13902
13902
13902
13902
13902
13902
13902
13900
13900
13172
13172
13172
13172
13172
13172
13172
13172
13172
13172
13172
13172
13768
13172
13172
35970
35970
35970
35970
35970
35970
35970
35970
35970
35970
35970
35970
35970
35970
35970
35970
35970
35970
35970
35970
35970
35970
35970
35970
35970
35970
35970
35970
35970
35970
35970
35970
35970
35970
35970
35970
35970
35970
35970
35970
35970
35970
35970
35970
35970
35970
35970
35970
35970
35970
35970
35970
35970
35970
35970
35970
35970
35970
35970
35970
35970
35970
35970
35970
35970
35970
35970
35970
35970
35970
35970
35970
35970
35970
35970
35970
35970
35970
35970
35970
35970
35970
35970
35970
35970
35970
35970
35970
35970
35970
35970
35970
35970
35970
35970
35970
35970
35970
35970
35970
35970
35970
35970
35970
35970
35970
35970
35970
35970
35970
35970
35970
35970
35970
35970
35970
35970
35970
35970
35970
35970
35970
35970
35970
35970
35970
35970
35970
35970
35970
35970
35970
35970
35970
35970
35970
35970
35970
35970
35970
35970
35970
35970
35970
35970
35970
35970
35970
35970
35970
35970
35970
35970
35970
35970
35970
35970
35970
35970
35970
35970
35970
35970
35970
35970
35970
35970
35970
35970
35970
35970
35970
35970
35970
35970
35970
35970
35970
35970
35970
35970
35970
35970
35970
35970
35970
35970
35970
35970
35970
35970
35970
35970
35970
35970
35970
35970
35970
35970
35970
35970
35970
35970
35970
35970
35970
35970
35970
35970
35970
35970
35970
35970
35970
35970
35970
35970
35970
35970
35970
35970
35970
35970
35970
35970
35970
35970
35970
35970
35970
35970
35970
35970
35970
35970
35970
35970
35970
35970
35970
35970
35970
35970
35970
35970
35970
35970
35970
35970
35970
35970
35970
35970
35970
35970
35970
35970
35970
35970
35970
35970
35970
35970
35970
35970
35970
35970
35970
35970
35970
35970
35970
35970
35970
35970
35970
35970
35970
35970
35970
35970
35970
35970
35970
35970
35970
35970
35970
35970
35970
35970
35970
35970
35970
35970
35970
35970
35970
35970
35970
35970
35970
35970
35970
35970
35970
35970
35970
35970
35970
35970
35970
35970
35970
35970
35970
35970
35970
35970
35970
35970
35970
35970
35970
35970
35970
35970
35970
35970
35970
35970
35970
35970
35970
35970
35970
35970
35970
35970
35970
35970
35970
35970
35970
35970
35970
35970
35970
35970
35970
35970
35970
35970
35970
35970
35970
35970
35970
35970
35970
35970
35970
35970
35970
35970
35970
35970
35970
35970
35970
35970
35970
35970
35970
35970
35970
35970
35970
35970
35970
35970
35970
35970
35970
35970
35970
35970
35970
35970
35970
35970
35970
35970
35970
35970
35970
35970
35970
35970
35970
35970
35970
35970
35970
35970
35970
35970
35970
35970
35970
35970
35970
35970
35970
35970
35970
35970
35970
35970
35970
35970
35970
35970
35970
35970
35970
35970
35970
35970
35970
35970
35970
35970
35970
35970
35970
35970
35970
35970
35970
35970
35970
35970
35970
35970
35970
35970
35970
35970
35970
35970
35970
35970
35970
35970
35970
35970
35970
35970
35970
35970
35970
35970
35970
35970
35970
35970
35970
35970
35970
35970
35970
35970
35970
35970
35970
35970
35970
35970
35970
35970
35970
35970
35970
35970
35970
35970
35970
35970
35970
35970
35970
35970
35970
35970
35970
35970
35970
35970
35970
35970
35970
35970
35970
35970
35970
35970
35970
35970
35970
35970
35970
35970
35970
35970
35970
35970
35970
35970
35970
35970
35970
35970
35970
35970
35970
35970
35970
35970
35970
35970
35970
35970
35970
35970
35970
35970
35970
35970
35970
35970
35970
35970
35970
35970
35970
35970
35970
35970
35970
35970
35970
35970
35970
35970
35970
35970
35970
35970
35970
35970
35970
35970
35970
35970
35970
35970
35970
35970
35970
35970
35970
35970
35970
35970
35970
35970
35970
35970
35970
35970
35970
35970
35970
35970
35970
35970
35970
35970
35970
35970
35970
35970
35970
35970
35970
35970
35970
35970
35970
35970
35970
35970
35970
35970
35970
35970
35970
35970
35970
35970
35970
35970
35970
35970
35970
35970
35970
35970
35970
35970
35970
35970
35970
35970
35970
35970
35970
35970
35970
35970
35970
35970
35970
35970
35970
35970
35970
35970
35970
35970
35970
35970
35970
35970
35970
35970
35970
35970
35970
35970
35970
35970
35970
35970
35970
35970
35970
35970
35970
35970
35970
35970
35970
35970
35970
35970
35970
35970
35970
35970
35970
35970
35970
13768
13768
13768
13768
13768
13768
13193
13193
13193
13193
13193
13193
13169
13169
13172
13169
13169
13169
13268
13268
13268
13268
13356
13169
13169
13169
13169
13169
13169
13169
13169
13169
13169
13169
13169
13169
13169
13169
13191
13169
13169
13169
13169
13169
13169
13169
13169
13169
13169
13170
13170
13169
13169
13169
13169
13169
13169
13169
13169
13324
13324
13324
13493
13493
13493
13493
13493
13493
13268
13268
13268
13268
13268
13268
13268
13268
13268
13268
13268
13268
13268
13268
13268
13268
13268
13268
13268
13268
13812
13812
13812
13812
13812
13812
13812
13812
13812
13812
13812
13812
13812
13812
13812
13812
13812
13812
13812
18668
18668
18668
18668
18668
18668
14668
14668
14668
14668
14668
14668
14668
14668
14668
14668
14668
14668
14668
14668
14668
14668
14668
14668
13268
13268
13268
13268
13268
13268
13268
13268
13268
14068
14068
14068
14068
14068
14068
14068
14068
14068
14068
14068
14068
14068
14068
14068
14068
14068
14068
14068
14068
14068
14068
14068
