Grafico con repeticion: 65346
Respuesta: 64375
40
0.3
65440
65756
67843
68660
67843
74952
74952
112191
112191
112191
112191
112207
112207
112207
112207
112207
112207
112207
112207
112207
112207
112207
112207
112207
112207
112207
112207
112207
112207
112207
112207
112207
112207
112207
112207
112207
112207
112207
116889
116889
116889
116889
116889
116918
116918
116918
116918
116918
116918
116918
116918
116918
116918
116918
116918
116918
116918
116918
116918
116918
116918
116918
116918
116918
116918
116918
116918
116918
116918
116918
116918
116918
125792
125792
116918
116918
116918
116918
116918
116918
116918
116918
116918
116918
116918
116918
127653
116918
116918
116918
116918
116918
116918
116918
116918
116918
116918
116918
116918
116918
116918
116918
116918
116918
116918
116918
116918
116918
116918
116918
116918
116918
116918
116918
116918
116918
116918
116918
116918
116918
122362
122362
123224
122362
122362
122368
123224
123224
122368
123224
123224
123224
123224
123224
123224
123224
123224
123224
123224
123224
123224
123224
123224
123224
123224
123224
123224
123224
123224
123224
123224
123224
123224
123224
123224
123224
123224
123224
123224
123224
123224
123224
123224
123224
123224
127816
127816
127816
127816
127816
127816
127832
127832
127832
127832
127832
127832
127832
127832
127832
127832
127832
127832
127832
127832
127832
127832
127832
127832
127832
127832
127832
127832
127832
127832
127832
127832
127832
127832
127832
127832
127832
127832
127832
127832
127832
127832
127832
127832
127832
127832
127832
127832
127832
127832
127832
127832
127832
127832
127832
127832
127832
127832
127832
127832
127832
127832
127832
127832
127832
127832
127832
127832
127832
127832
127832
127832
127832
127832
127832
127832
127832
127832
127832
127832
127832
127832
127832
127832
127832
127832
127832
127832
127832
127832
127832
127832
127832
127832
127832
127832
127832
127832
127832
127832
127832
127832
127832
127832
127832
127832
127832
127832
127832
127832
127832
127832
127832
127832
127832
127832
127832
127832
127832
127832
127832
127832
127832
127832
127832
127832
127832
127832
127832
127832
127832
127832
127832
127832
127832
127832
127832
127832
127832
127832
127832
127832
127832
127832
127832
127832
127832
127832
127832
127832
127832
127832
127832
127832
127832
127832
127832
127832
127832
127832
127832
127832
127832
127832
127832
127832
127832
127832
127832
127832
127832
127832
127832
127832
127832
127832
127832
127832
127832
127832
127832
127832
127832
127832
127832
127832
127832
127832
127832
127832
127832
127832
127832
127832
127832
127832
127832
127832
127832
127832
127832
127832
127832
127832
127832
127832
127832
127832
127832
127832
127832
127832
127832
127832
127832
127832
127832
127832
127832
127832
127832
127832
127832
127832
127832
127832
127832
127832
127832
127832
127832
127832
127832
127832
127832
127832
127832
127832
127832
127832
127832
127832
127832
127832
129659
129659
129659
129659
129659
129659
129659
129659
129659
129659
129659
129659
129659
129659
129659
129659
129659
129659
129659
129659
129659
129659
129659
129659
129659
129659
129659
129659
129659
129659
129659
129659
129659
129659
129659
129659
129659
129659
129659
129659
129659
129659
129659
129659
129659
129659
129659
129659
129659
129659
129659
129659
129659
129659
129659
129659
129659
129659
129659
129659
129659
129659
129659
129659
129659
129659
129659
129659
129659
129659
129659
129659
129659
129659
129659
129659
129659
129659
129659
129659
129659
129659
129659
129659
129659
129659
129659
129659
129659
129659
129659
129659
129659
129659
129659
129659
129659
129659
129659
129659
129659
129659
129659
129659
129659
129659
129659
129659
129659
129659
129659
130170
130170
130170
130170
130170
130170
129659
129659
129659
129659
129659
129659
129659
129659
129659
129659
129659
129659
129659
129659
129659
129659
129659
129659
129659
129659
129659
129659
129659
129659
129659
129659
129659
129659
129659
129659
129659
129659
129659
129659
129659
129659
129659
129659
129659
129659
129659
129659
129659
129659
129659
129659
129659
129659
129659
129659
129659
129659
129659
129659
129659
129659
129659
129659
129659
129659
129659
129659
129659
129659
129659
129659
129659
129659
129659
129659
129659
129659
129659
129659
129659
129659
129659
129659
129659
129659
129659
129659
129659
129659
129659
129659
129659
129659
129659
129659
129659
129659
129659
129659
129659
129659
129659
129659
129659
129659
129659
129659
129659
129659
129659
129659
129659
129659
129659
129659
129659
129659
129659
129659
129659
129659
129659
129659
129659
129659
129659
129659
129659
129659
129659
129659
129659
129659
129659
129659
129659
129659
129659
129659
129659
129659
129659
129659
129659
129659
129659
129659
129659
129659
129659
129659
129659
129659
129659
129659
129659
129659
129659
129659
129659
129659
129659
129659
129659
129659
129659
129659
129659
129659
129659
129659
129659
129659
129659
129659
129659
129659
129659
129659
129659
129659
129659
129659
129659
129659
129659
129659
129659
129659
129659
129659
129659
129659
129659
129659
129659
129659
129659
129659
129659
129659
129659
129659
129659
129659
129659
129659
129659
129659
129659
129659
129659
129659
129659
129659
129659
129659
129659
129659
129659
129659
129659
129659
129659
129659
129659
129659
129659
129659
129659
129659
129659
129659
129659
129659
129659
129659
129659
129659
129659
129659
129659
129659
129659
129659
129659
129659
129659
129659
129659
129659
129659
129659
129659
129659
129659
129659
129659
129659
129659
129659
129659
129659
129659
129659
129659
129659
129659
129659
129659
129659
129659
129659
129659
129659
129659
129659
129659
129659
129659
129659
129659
129659
129659
129659
129659
129659
129659
129659
129659
129659
129659
129659
129659
129659
129659
129659
129659
129659
129659
129659
129659
129659
129659
129659
129659
129659
129659
129659
129659
129659
129659
129659
129659
129659
129659
129659
129659
129659
129659
129659
129659
129659
129659
129659
129659
129659
129659
129659
129659
129659
129659
129659
129659
129659
129659
129659
129659
129659
129659
129659
129659
129659
129659
129659
129659
129659
129659
129659
129659
129659
129659
129659
129659
129659
129659
129659
129659
129659
129659
129659
129659
129659
129659
129659
129659
129659
129659
129659
129659
129659
129659
129659
129659
129659
129659
129659
129659
129659
129659
129659
129659
129659
129659
129659
129659
129659
129659
129659
129659
129659
129659
129659
129659
129659
129659
129659
129659
129659
129659
129659
129659
129659
129659
129659
129659
129659
129659
129659
129659
129659
129659
129659
129659
129659
129659
129659
129659
129659
129659
129659
129659
129659
129659
129659
129659
129659
129659
129659
129659
129659
129659
129659
129659
129659
129659
129659
129659
129659
129659
129659
129659
129659
129659
129659
129659
129659
129659
129659
129659
129659
129659
129659
129659
129659
129659
129659
129659
129659
129659
129659
129659
129659
129659
129659
129659
129659
129659
129659
129659
129659
129659
129659
129659
129659
129659
129659
129659
129659
