Grafico sin repeticion: 20000
10
0.3
4002
4006
4024
4101
4102
4102
4057
4107
4107
4107
4107
4107
4107
4107
4107
4107
4107
4107
4107
4107
4107
4099
4106
4099
4099
4099
4099
4099
4099
4099
4099
4099
4024
4124
4124
4124
4140
4124
4194
4194
4194
4106
4106
4106
4106
4155
4155
4155
4155
4038
4038
4038
4038
4038
4031
4031
4031
4031
4031
4032
4099
4099
4099
4107
4107
4145
4099
4124
4124
4099
4099
4099
4103
4099
4099
4124
4124
4124
4124
4124
4124
4140
4140
4140
4124
4124
4099
4099
4099
4116
4116
4116
4116
4116
4100
4124
4124
4099
4099
4219
4099
4099
4099
4099
4303
4303
4303
4303
4303
4103
4154
4154
4154
4154
4154
4154
4154
4154
4154
4154
4099
4099
4099
4099
4099
4103
4103
4141
4141
4103
4103
4103
4107
4110
4110
4110
4103
4103
4199
4103
4103
4103
4103
4103
4103
4127
4127
4127
4099
4099
4028
4028
4026
4099
4164
4203
4164
4164
4099
4099
4106
4099
4099
4349
4349
4211
4106
4106
4110
4110
4126
4110
4110
4110
4110
4110
4110
4110
4123
4123
4123
4123
4123
4123
4123
4123
4123
4123
4123
4123
4123
4123
4123
4123
4123
4123
4123
4123
4123
4123
4123
4123
4123
4147
4147
4099
4099
4135
4207
4099
4099
4099
4099
4099
4099
4099
4106
4099
4099
4124
4124
4124
4124
4132
4132
4132
4132
4132
4132
4132
4132
4132
4132
4132
4132
4099
4099
4099
4099
4101
4099
4099
4099
4124
4362
4099
4099
4099
4099
4099
4107
4099
4099
4107
4107
4107
4107
4201
4201
4243
4201
4201
4201
4201
4201
4201
4201
4201
4201
4201
4201
4201
4201
4201
4099
4099
4099
4106
4153
4099
4099
4103
4103
4103
4103
4099
4099
4101
4099
4121
4121
4099
4099
4099
4108
4108
4108
4108
4108
4108
4108
4108
4108
4124
4099
4099
4099
4099
4099
4099
4235
4235
4235
4099
4099
4099
4099
4099
4099
4099
4128
4128
4128
4128
4128
4099
4099
4101
4099
4103
4099
4104
4104
4104
4104
4137
4137
4104
4104
4099
4099
4133
4133
4133
4106
4106
4106
4099
4099
4099
4099
4099
4099
4134
4107
4199
4199
4099
4099
4099
4107
4107
4107
4107
4107
4124
4107
4107
4107
4107
4107
4107
4107
4107
4107
4026
4199
4199
4199
4199
4199
4199
4199
4199
4199
4199
4199
4199
4199
4199
4199
4199
4199
4199
4199
4199
4199
4199
4199
4199
4199
4199
4199
4199
4199
4199
4199
4199
4199
4199
4111
4111
4099
4099
4099
4099
4099
4099
4099
4099
4105
4380
4099
4099
4099
4099
4099
4157
4157
4157
4153
4153
4153
4153
4153
4103
4103
4103
4103
4103
4124
4124
4124
4124
4124
4103
4103
4103
4103
4103
4103
4103
4099
4099
4099
4110
4126
4126
4099
4099
4099
4099
4099
4108
4108
4108
4099
4099
4099
4099
4099
4099
4107
4104
4104
4108
4104
4139
4139
4139
4139
4139
4139
4139
4139
4139
4103
4142
4099
4103
4099
4099
4124
4099
4099
4099
4099
4110
4099
4114
4099
4168
4099
4099
4107
4107
4107
4114
4107
4107
4107
4212
4099
4128
4124
4099
4099
4205
4099
4249
4105
4099
4130
4130
4130
4099
4099
4099
4099
4184
4184
4184
4184
4184
4184
4184
4222
4126
4332
4332
4332
4332
4101
4099
4099
4300
4300
4101
4099
4099
4099
4103
4099
4099
4099
4099
4099
4099
4099
4132
4122
4122
4122
4122
4122
4122
4124
4124
4124
4124
4124
4124
4124
4124
4124
4124
4124
4124
4124
4124
4124
4124
4099
4099
4230
4230
4108
4099
4099
4099
4099
4099
4099
4099
4099
4099
4099
4103
4303
4099
4111
4111
4099
4099
4099
4103
4106
4106
4106
4106
4099
4099
4138
4138
4136
4136
4136
4099
4099
4099
4101
4101
4101
4101
4101
4101
4101
4101
4101
4101
4101
4101
4101
4101
4101
4101
4101
4101
4101
4101
4101
4107
4107
4107
4107
4107
4107
4136
4231
4099
4107
4106
4134
4134
4134
4134
4106
4106
4101
4101
4101
4101
4101
4124
4101
4101
4101
4101
4330
4101
4101
4099
4099
4100
4099
4099
4099
4099
4099
4102
4099
4107
4107
4107
4199
4199
4199
4199
4124
4124
4124
4099
4099
4106
4099
4099
4099
4099
4099
4099
4099
4099
4099
4099
4139
4139
4139
4139
4139
4139
4139
4139
4139
4106
4106
4106
4099
4106
4106
4106
4106
4106
4106
4106
4130
4099
4099
4099
4099
4099
4099
4099
4124
4124
4124
4199
4199
4099
4099
4099
4099
4099
4099
4107
4124
4099
4102
4306
4306
4306
4306
4306
4306
4306
4306
4306
4306
4306
4306
4306
4306
4306
4306
4306
4306
4106
4106
4106
4106
4145
4116
4106
4106
4109
4099
4099
4099
4099
4099
4099
4099
4159
4199
4199
4199
4199
4199
4199
4199
4199
4199
4199
4199
4199
4199
4199
4199
4199
4199
4199
4199
4199
4199
4199
4199
4199
4199
4199
4199
4199
4199
4199
4199
4199
4199
4199
4099
4099
4124
4124
4118
4099
4208
4107
4107
4107
4107
4107
4099
4124
4124
4101
4101
4107
4101
4128
4099
4099
4099
4099
4099
4099
4099
4099
4099
4099
4099
4099
4099
4099
4099
4146
4099
4099
4324
4324
4131
4131
4131
4131
4131
4099
4101
4128
4128
4128
4128
4099
4106
4099
4099
4199
4199
4199
4199
4102
4102
4099
4099
4099
4128
4128
4128
4128
4128
4128
4128
4103
4103
4103
4124
4103
4103
4103
4103
4103
4103
4158
4158
4158
4158
4158
4158
4158
4199
4199
4199
4199
4199
4199
4199
4099
4099
4099
4305
4305
4305
4305
4305
4305
4305
4305
4305
4305
4305
4305
4305
4305
4305
4305
4305
4305
4044
4099
4044
4044
4024
4031
4024
4024
4049
4049
4049
4107
4107
4107
4107
4107
4107
4107
4107
4107
4107
4224
4107
4130
4199
4099
4099
4099
4099
4099
4099
4124
4221
4221
4221
4221
4103
4099
4099
4099
4099
4099
4099
4099
4099
4099
4099
4099
4361
4099
4099
4099
4099
4101
4101
4124
4124
4101
4101
4101
4101
4101
4101
4101
4099
4199
4199
4199
